10 Employs
12 months salary
Indiras 6500 9600 5800	9600 6500 7200 9100	6700 5900 7400 9500 5600
Pawan   9600 6700 5600 7400 9400 10000 9800 6800 9500 9500 9500 9500
Tika    6500 9600 5700 9600 6500 7200 9300 6700 1900 7400 9500 5600
Dev  	6500 9600 2800 9600 6500 4200 9100 3700 7900 3400 2500 6600
Adam  	1500 9600 7800 1200 3500 7200 9200 5700 5900 7400 9500 7600
Smith  	3500 1600 8800 9800 7500 2200 9400 4700 5400 7700 3500 5800
Sham  	2500 9600 4800 9200 8500 7200 9500 6300 5900 1200 9500 1600
Virat  	8500 9400 3800 9300 2500 9200 9800 6700 5300 7400 4500 5600
Jacques 4500 6600 1800 1600 3500 3200 9700 7700 2900 7200 7500 6600
Amar  	6600 3600 5800 9600 6500 1200 9300 6700 1900 7600 3500 7600


